rgb(222, 248, 190)
rgb(234, 240, 240)
rgb(232, 229, 200)
rgb(240, 230, 157)
rgb(181, 200, 149)
rgb(24, 24, 120)
rgb(162, 200, 104)
rgb(122, 192, 115)
rgb(248, 88, 50)
rgb(248, 235, 56)
rgb(232, 149, 91)
rgb(248, 184, 50)
rgb(170, 205, 240)
rgb(87, 212, 49)
rgb(58, 100, 58)
rgb(96, 45, 26)
rgb(248, 171, 88)
rgb(72, 46, 34)
rgb(153, 156, 153)
rgb(80, 80, 80)
rgb(152, 152, 152)
rgb(128, 118, 77)
rgb(128, 83, 51)
rgb(88, 184, 178)
rgb(240, 227, 208)
rgb(93, 131, 176)
rgb(248, 232, 216)
rgb(216, 197, 165)
rgb(170, 205, 240)
rgb(224, 224, 224)
rgb(184, 104, 50)
rgb(248, 229, 203)
rgb(26, 26, 128)
rgb(240, 234, 202)
rgb(192, 154, 115)
rgb(240, 77, 176)
rgb(138, 202, 240)
rgb(112, 80, 67)
rgb(200, 184, 130)
rgb(136, 120, 72)
rgb(224, 138, 45)
rgb(232, 152, 59)
rgb(224, 70, 64)
rgb(232, 168, 46)
rgb(112, 80, 61)
rgb(219, 229, 232)
rgb(25, 28, 6)
rgb(202, 212, 132)
rgb(248, 235, 178)
rgb(232, 190, 155)
rgb(226, 229, 232)
rgb(154, 166, 192)
rgb(46, 62, 104)
rgb(126, 152, 139)
rgb(232, 206, 66)
rgb(80, 35, 67)
rgb(168, 155, 149)
rgb(240, 198, 189)
rgb(40, 56, 104)
rgb(240, 134, 118)
rgb(240, 208, 170)
rgb(152, 46, 50)
rgb(152, 110, 50)
rgb(16, 10, 16)
rgb(232, 162, 91)
rgb(117, 117, 136)
rgb(248, 242, 216)
rgb(240, 186, 80)
rgb(200, 158, 123)
rgb(248, 187, 50)
rgb(248, 242, 62)
rgb(160, 61, 102)
rgb(248, 235, 203)
rgb(173, 160, 192)
rgb(200, 66, 72)
rgb(88, 120, 88)
rgb(224, 147, 58)
rgb(224, 74, 115)
rgb(200, 187, 130)
rgb(40, 21, 21)
rgb(208, 99, 86)
rgb(152, 117, 101)
rgb(86, 141, 208)
rgb(130, 171, 200)
rgb(58, 192, 58)
rgb(16, 13, 10)
rgb(224, 93, 70)
rgb(80, 131, 176)
rgb(102, 182, 224)
rgb(241, 244, 241)
rgb(169, 204, 130)
rgb(74, 134, 176)
rgb(192, 147, 90)
rgb(216, 197, 171)
rgb(122, 128, 77)
rgb(232, 197, 174)
rgb(147, 208, 224)
rgb(240, 131, 61)
rgb(42, 109, 176)
rgb(120, 82, 43)